y_pred
[-5.99187434e-01  2.00735664e+00 -7.65004456e-01 -1.99018642e-01
  1.68109274e+00 -1.31039393e+00  4.78645861e-01 -2.60329247e-01
 -1.32251298e+00 -8.00656617e-01 -4.09719676e-01 -8.00790250e-01
 -9.52768207e-01  2.08197504e-01 -8.56668055e-02 -5.96535087e-01
  2.24127650e-01 -5.31844139e-01 -7.14196742e-01  2.78946817e-01
 -2.24850237e-01  5.44558465e-01 -3.87255289e-02 -6.54184997e-01
  2.11095437e-01 -1.34228587e-01  8.05305094e-02 -9.98385370e-01
 -9.31442380e-02  1.59884527e-01 -8.77907217e-01  8.87289882e-01
  1.96265742e-01 -9.03308630e-01  8.67485285e-01 -3.70510161e-01
 -5.69060087e-01  3.27398092e-01  1.77517653e+00 -1.02168000e+00
 -6.21013522e-01  8.95340204e-01 -7.45523989e-01  2.57698107e+00
 -6.29224241e-01 -6.76383853e-01 -7.65522718e-01 -7.01887667e-01
  2.10005593e+00 -4.80317682e-01 -7.69199014e-01  3.45544755e-01
 -7.04161882e-01  1.71418309e+00 -4.43601936e-01  9.09995377e-01
  1.14082322e-01 -4.39505458e-01 -3.32372457e-01 -9.48446333e-01
 -1.44765329e+00 -4.02421892e-01  1.66038096e+00  1.19020212e+00
  8.82307410e-01  4.99315143e-01 -9.62800384e-01  2.50813031e+00
 -7.58162856e-01 -1.01035818e-01 -7.24128425e-01 -6.43515885e-01
 -9.10240233e-01 -1.16511607e+00  4.13769054e+00  5.66948764e-02
  1.78385055e+00  1.66064119e+00 -6.33186936e-01 -7.89007902e-01
 -8.97292256e-01 -9.78171885e-01 -8.80655468e-01 -8.48887563e-01
 -3.88503224e-01 -7.73387969e-01  1.04171026e+00  7.96471536e-02
 -4.58376467e-01 -1.42077580e-01 -4.91691262e-01 -3.18879485e-01
 -7.39416659e-01  9.61845756e-01 -9.22695458e-01  1.21873673e-02
 -1.36476129e-01 -6.99947029e-02  4.36958164e-01  4.45464522e-01
  5.90765439e-02  2.99527377e-01  1.34504104e+00 -5.38067222e-01
 -5.80485761e-02 -1.93846464e-01 -3.24982435e-01  1.33156431e+00
 -4.47266757e-01  1.22648992e-01 -1.38285041e+00 -7.28107393e-01
 -5.02945781e-01 -6.33799076e-01  3.19301128e-01 -7.18206108e-01
 -8.81729782e-01 -9.17068660e-01 -3.64877433e-01  1.32540858e+00
 -4.91923004e-01 -4.60873067e-01 -7.98880160e-02  4.77326976e-04
 -1.74320221e-01 -7.54975259e-01  8.17176163e-01 -9.50744689e-01
 -5.80809176e-01 -5.09039648e-02  6.95649832e-02  2.65911722e+00
  2.25544676e-01 -4.42489356e-01 -1.43093586e+00  1.83074641e+00
  2.66311312e+00 -6.47333741e-01  6.45653069e-01  5.36493063e+00
  2.75466466e+00 -6.04515076e-01 -1.96563631e-01 -2.00148672e-01
 -5.43145299e-01 -6.76991820e-01  4.27192509e-01  1.01917319e-01
 -7.77218878e-01 -1.51650226e+00 -9.79408801e-01 -4.66431886e-01
  6.36537790e-01 -2.58617610e-01 -8.70913267e-01 -6.75301492e-01
 -2.67789602e-01 -5.02832115e-01 -1.29188299e+00 -6.48904860e-01
  3.47227097e-01 -1.58169627e-01  1.78400612e+00 -2.45672315e-01
 -7.93753386e-01 -9.57407594e-01  4.81960088e-01  2.75207186e+00
  3.47407174e+00  3.27438474e-01  2.39826989e+00 -1.11918497e+00
 -8.97736073e-01 -1.35714024e-01  2.15622306e+00 -5.32667339e-01
 -3.87252867e-01  1.93628266e-01 -7.26265013e-01 -6.07430711e-02
 -2.41884008e-01 -1.03164458e+00 -5.87524951e-01 -4.24845248e-01
  1.08455896e+00 -4.00798619e-01  1.69986761e+00  3.69973212e-01
  8.96191001e-02 -1.23309410e+00 -5.87325156e-01 -9.21040475e-01
 -6.42991424e-01 -4.91050422e-01  9.45227966e-02  2.62360107e-02
  7.35017419e-01 -1.12560380e+00  5.00443459e-01 -9.24981475e-01
  2.19902501e-01 -3.10503282e-02 -6.63297594e-01  2.51377583e+00
  1.53610423e-01 -6.88282609e-01  7.48335183e-01 -5.45174241e-01
 -2.74115860e-01 -8.37386310e-01  4.78176475e-01 -4.64567095e-01
 -8.49535167e-01 -9.42624137e-02 -1.43168151e-01  1.42659390e+00
  1.15488045e-01 -4.81220871e-01 -5.38391769e-01 -7.26204097e-01
 -5.24043977e-01  7.01942265e-01 -5.50402962e-02 -1.04353642e+00
  6.38113916e-01 -3.98240954e-01 -9.94683087e-01 -1.10331178e+00
 -1.20949157e-01 -1.06942105e+00 -1.01305568e+00  7.69289657e-02
 -7.86300004e-01 -5.73789716e-01  7.46693850e-01 -6.86897635e-01
  1.60751030e-01 -3.76905829e-01  7.12134123e-01 -6.91777766e-01
 -9.29074705e-01  8.57684672e-01  3.00138831e-01  2.65237713e+00
  4.01163427e-03 -7.60640323e-01 -4.04845089e-01 -2.35459626e-01
 -4.23738748e-01 -1.05041635e+00 -3.48556757e-01 -2.33506471e-01
 -5.84019244e-01 -1.18373966e+00 -4.22487229e-01 -4.18572873e-01
 -7.43901968e-01 -8.25521469e-01 -3.16443667e-02  1.34094667e+00
  1.59622169e+00 -2.02031478e-01 -6.32790089e-01  5.71532786e-01
  9.81569409e-01  2.61464447e-01  7.54597709e-02 -4.59040195e-01
 -7.79278696e-01 -1.68262780e-01  2.68645787e+00  3.02832723e-01
  7.30817318e-01 -8.01712275e-01 -9.70263064e-01 -4.91423100e-01
 -3.38107139e-01  1.01390886e+00  1.74177006e-01 -3.75351846e-01
  1.55360997e-01 -1.07786644e+00  8.21857005e-02 -8.87186468e-01
  1.96109915e+00 -2.10328639e-01  4.51237589e-01 -9.21490312e-01
  6.02654040e-01 -7.68777877e-02 -5.63695610e-01 -8.58697414e-01]